461
156 176 2
460
155 178 2
459
155 180 2
458
155 181 2
457
155 183 2
456
155 185 2
455
155 187 2
454
155 188 2
453
155 190 2
452
154 192 2
451
154 194 2
450
154 195 2
449
154 197 2
448
155 199 2
447
157 201 2
446
159 201 2
445
161 201 2
444
163 201 2
443
165 200 2
442
167 200 2
441
169 200 2
440
171 200 2
439
171 200 2
438
171 200 2
437
171 200 2
436
170 199 2
435
170 199 222 222 4
434
170 181 181 199 222 223 6
433
170 181 182 199 222 225 6
432
170 181 184 199 222 227 6
431
170 181 186 199 222 229 6
430
170 180 188 199 221 231 6
429
170 180 190 199 221 233 6
428
169 180 192 198 221 234 6
427
169 180 194 198 221 236 6
426
169 180 196 198 221 238 6
425
169 180 221 240 4
424
169 180 221 242 4
423
169 180 221 244 4
422
169 179 220 245 4
421
169 179 220 247 4
420
168 179 220 249 4
419
168 179 220 251 4
418
168 179 220 253 4
417
168 179 220 255 4
416
168 179 220 256 4
415
168 178 220 258 4
414
168 178 219 260 4
413
167 178 219 262 4
412
167 178 219 264 4
411
167 178 219 266 4
410
167 178 219 266 4
409
167 178 219 266 4
408
167 178 219 266 4
407
167 177 219 265 4
406
167 177 218 230 230 265 6
405
166 177 218 230 232 265 6
404
166 177 218 230 234 265 6
403
148 148 166 177 218 230 236 265 8
402
148 149 166 177 218 230 236 265 8
401
148 151 166 177 218 229 236 265 8
400
148 153 166 176 218 229 236 265 8
399
147 155 166 176 218 229 235 264 8
398
147 157 166 176 218 229 235 264 8
397
147 159 165 176 217 229 235 246 246 264 10
396
147 161 165 176 217 229 235 246 248 264 10
395
147 163 165 176 217 229 235 246 250 264 10
394
147 176 217 229 235 246 252 264 8
393
147 176 217 228 235 246 252 264 298 298 10
392
146 175 217 228 235 245 252 263 297 299 10
391
146 175 217 228 234 245 252 263 296 301 10
390
146 175 217 228 234 245 251 263 296 303 10
389
146 175 216 228 234 245 251 263 295 304 10
388
146 175 216 228 234 245 251 263 294 306 10
387
146 175 216 228 234 245 251 263 293 308 10
386
146 175 216 228 234 245 251 263 293 310 10
385
146 175 216 228 234 245 251 263 292 311 10
384
145 174 216 227 233 245 251 262 291 313 10
383
145 174 216 227 233 244 251 262 290 315 10
382
145 174 216 227 233 244 250 262 290 316 10
381
145 174 215 227 233 244 250 262 289 318 10
380
146 174 215 227 233 244 250 262 288 320 10
379
148 174 215 227 233 244 250 262 287 320 10
378
150 174 215 227 233 244 250 262 287 321 10
377
152 173 215 227 233 244 250 262 286 321 10
376
154 173 215 226 232 244 250 261 285 285 285 321 12
375
155 173 215 226 232 244 249 261 285 286 286 321 12
374
157 173 215 226 232 243 249 261 285 288 288 322 12
373
159 173 215 226 232 243 249 261 285 290 290 322 12
372
161 173 214 226 232 243 249 261 284 292 292 322 12
371
163 173 214 226 232 243 249 261 284 294 294 323 12
370
164 173 214 226 232 243 249 261 284 295 296 323 12
369
166 172 214 226 231 243 249 260 284 296 297 323 12
368
168 172 214 226 231 243 249 260 284 296 299 323 12
367
170 172 214 225 231 243 248 260 284 296 301 324 12
366
214 225 231 243 248 260 284 295 302 324 10
365
214 225 231 242 248 260 284 295 304 324 10
364
213 225 231 242 248 260 283 295 306 325 10
363
213 225 231 242 248 260 283 295 308 325 10
362
213 225 231 242 248 260 283 295 310 325 10
361
213 225 230 242 248 259 283 295 311 325 10
360
213 225 230 242 247 259 283 295 313 326 10
359
213 224 230 242 247 259 283 295 315 326 10
358
213 224 230 242 247 259 283 294 317 326 10
357
213 224 231 242 247 259 282 294 317 327 10
356
212 224 233 241 247 259 282 294 317 327 10
355
212 224 235 241 247 259 282 294 317 327 10
354
212 224 237 241 247 258 282 294 317 327 10
353
212 224 239 241 247 258 282 294 316 328 10
352
212 224 246 258 282 294 316 328 8
351
212 224 246 258 282 294 316 328 8
350
212 223 246 258 282 293 316 328 8
349
212 223 246 258 281 293 316 328 8
348
211 223 246 258 281 293 316 327 8
347
211 223 246 258 281 293 316 327 8
346
211 223 246 257 281 293 316 327 8
345
211 223 246 257 281 293 316 327 8
344
211 223 245 257 281 293 315 327 8
343
212 223 245 257 281 292 315 327 8
342
214 222 245 257 280 292 315 327 8
341
216 222 245 257 280 292 315 327 8
340
218 222 245 257 280 292 315 326 8
339
220 222 245 257 280 292 315 326 8
338
245 256 280 292 315 326 6
337
244 256 280 292 315 326 6
336
244 256 280 292 315 326 6
335
244 256 280 291 314 326 6
334
185 186 244 256 279 291 314 326 8
333
183 187 244 256 279 291 314 326 8
332
181 189 244 256 279 291 314 325 8
331
178 191 244 255 279 291 314 325 8
330
176 193 244 255 279 291 314 325 8
329
174 195 243 255 280 291 314 325 8
328
171 197 243 255 280 291 314 325 8
327
169 198 243 255 280 290 314 325 8
326
167 200 243 255 280 290 314 325 8
325
164 202 244 255 281 290 313 324 8
324
162 204 246 255 281 290 313 324 8
323
160 206 248 254 281 291 313 324 8
322
157 208 250 254 281 293 313 324 8
321
155 208 252 254 282 295 313 324 8
320
153 208 282 297 313 324 6
319
150 208 282 299 313 324 6
318
148 207 283 300 313 324 6
317
146 207 283 302 313 323 6
316
143 207 283 304 312 323 6
315
141 207 283 306 312 323 6
314
139 207 284 307 312 323 6
313
137 207 284 309 312 323 6
312
137 207 284 311 312 323 6
311
137 207 285 313 313 323 6
310
137 206 285 315 315 323 6
309
136 206 285 316 317 322 6
308
136 206 285 318 318 322 6
307
136 206 286 320 320 322 6
306
136 206 286 322 4
305
136 206 286 321 4
304
136 206 286 320 4
303
136 206 287 320 4
302
136 205 287 319 4
301
135 205 288 318 4
300
135 205 290 317 4
299
135 205 292 316 4
298
135 205 294 315 4
297
135 205 251 251 251 251 296 315 8
296
135 205 250 251 251 252 298 314 8
295
135 204 249 251 251 254 299 313 8
294
135 204 248 251 251 256 301 312 8
293
134 204 248 250 250 258 303 311 8
292
134 204 247 250 250 260 305 311 8
291
134 204 246 250 250 262 307 310 8
290
134 204 245 250 250 263 6
289
134 204 244 250 250 265 6
288
134 180 180 204 243 250 250 267 8
287
134 180 181 203 243 250 250 269 8
286
133 180 183 203 242 250 250 271 8
285
133 180 185 203 241 249 249 273 8
284
133 179 187 203 240 249 249 274 8
283
133 179 189 203 239 249 249 274 8
282
133 179 191 203 238 249 249 275 8
281
133 179 192 203 238 249 249 275 8
280
133 179 194 203 237 249 249 276 8
279
133 179 196 202 236 249 249 276 8
278
132 179 198 202 235 248 248 277 8
277
132 179 200 202 234 248 248 277 8
276
132 178 233 248 248 278 6
275
132 178 233 248 248 278 6
274
132 178 232 248 248 279 6
273
132 178 231 248 248 280 6
272
132 178 230 248 248 280 6
271
132 178 229 248 248 281 6
270
131 178 228 247 247 281 6
269
131 177 228 247 247 282 6
268
131 177 227 247 247 282 6
267
131 177 226 247 247 283 6
266
132 177 225 247 247 283 6
265
132 177 224 247 247 284 6
264
133 177 223 247 247 284 6
263
133 177 223 246 246 285 6
262
134 177 222 246 246 285 6
261
134 176 221 246 246 286 6
260
135 176 220 246 246 287 6
259
135 176 219 246 246 287 6
258
136 176 218 246 246 288 6
257
137 176 218 246 246 288 6
256
137 176 217 246 246 289 6
255
138 176 216 245 245 289 6
254
138 175 215 245 245 290 6
253
139 175 214 245 245 290 6
252
139 175 213 245 245 291 6
251
140 175 213 244 246 291 6
250
140 175 212 243 248 292 6
249
141 175 211 243 250 293 6
248
141 175 210 242 252 293 6
247
142 175 209 241 254 294 6
246
143 174 208 240 256 294 6
245
143 174 208 239 257 295 6
244
144 174 207 238 259 295 6
243
144 174 206 238 261 296 6
242
145 175 205 237 263 296 6
241
145 177 204 236 265 297 6
240
146 179 203 235 267 297 6
239
146 181 203 234 267 298 6
238
147 183 202 234 267 299 6
237
148 185 201 233 267 299 6
236
148 186 200 232 266 300 6
235
149 188 199 231 266 300 6
234
149 190 198 230 266 301 6
233
150 192 198 229 266 301 6
232
150 194 197 229 266 302 6
231
151 196 196 228 266 302 6
230
151 196 196 227 266 303 6
229
152 196 196 226 266 303 6
228
152 196 196 225 265 304 6
227
153 195 195 224 265 304 6
226
154 195 195 224 265 305 6
225
154 195 195 223 265 306 6
224
155 195 195 222 265 306 6
223
155 195 195 221 265 307 6
222
156 195 195 220 265 307 6
221
156 195 195 220 265 308 6
220
157 195 195 219 264 308 6
219
157 194 194 218 264 309 6
218
158 194 194 217 264 309 6
217
159 194 194 216 264 310 6
216
159 194 194 215 264 310 6
215
160 194 194 215 264 311 6
214
160 194 194 214 264 311 6
213
161 194 194 213 263 311 6
212
161 194 194 212 263 311 6
211
162 193 193 211 263 310 6
210
162 193 193 211 263 310 6
209
163 193 193 210 263 310 6
208
163 193 193 209 263 310 6
207
164 193 193 208 240 240 263 310 8
206
165 193 193 207 240 241 263 310 8
205
165 193 193 206 240 243 262 310 8
204
166 192 192 206 240 245 262 310 8
203
166 192 192 205 239 246 262 309 8
202
167 192 192 204 239 248 262 309 8
201
167 192 192 203 239 249 262 309 8
200
168 192 192 202 239 251 262 309 8
199
168 192 192 201 239 253 262 309 8
198
169 192 192 201 239 254 262 309 8
197
170 192 192 200 239 256 261 309 8
196
172 191 191 199 239 257 261 308 8
195
174 191 191 198 238 259 261 308 8
194
175 191 191 197 238 308 6
193
177 191 191 197 238 308 6
192
178 191 191 196 238 308 6
191
180 191 191 195 238 308 6
190
182 191 191 194 238 308 6
189
183 191 191 193 238 308 6
188
185 190 190 192 238 307 6
187
186 190 190 192 237 307 6
186
188 190 190 191 237 307 6
185
237 307 2
184
237 307 2
183
237 307 2
182
237 307 2
181
237 306 2
180
236 306 2
179
236 306 2
178
236 306 2
177
236 306 2
176
236 306 2
175
165 166 236 306 4
174
163 167 236 306 4
173
161 169 236 305 4
172
158 171 235 305 4
171
156 173 235 305 4
170
153 174 235 304 4
169
151 176 235 302 4
168
149 178 235 300 4
167
146 180 235 297 4
166
144 181 235 295 4
165
142 183 235 293 4
164
139 185 234 290 4
163
137 187 234 288 4
162
134 187 234 286 4
161
132 187 234 283 4
160
130 187 235 281 4
159
127 187 237 279 4
158
125 186 239 276 4
157
122 186 241 274 4
156
120 186 243 272 4
155
118 186 245 269 4
154
116 186 246 267 4
153
116 186 248 265 4
152
116 186 250 262 4
151
116 186 252 260 4
150
115 186 254 258 4
149
115 185 2
148
115 185 2
147
115 185 2
146
115 185 2
145
115 185 2
144
115 185 2
143
115 185 2
142
114 185 2
141
114 185 2
140
114 184 2
139
114 184 2
138
114 184 231 231 4
137
114 184 231 232 4
136
114 184 231 234 4
135
114 184 231 236 4
134
113 184 230 238 4
133
113 184 230 240 4
132
113 184 230 242 4
131
113 184 230 243 4
130
113 160 160 183 230 245 6
129
113 160 161 183 230 247 6
128
113 160 163 183 230 249 6
127
112 160 165 183 230 251 6
126
112 159 166 183 229 253 6
125
112 159 168 183 229 254 6
124
112 159 170 183 229 254 6
123
112 159 172 183 229 255 6
122
112 159 173 183 229 255 6
121
112 159 175 182 229 256 6
120
112 159 177 182 229 256 6
119
111 159 178 182 228 257 6
118
111 158 180 182 228 257 6
117
111 158 228 258 4
116
111 158 228 258 4
115
111 158 228 259 4
114
111 158 228 259 4
113
111 158 228 260 4
112
111 158 228 261 4
111
110 158 227 261 4
110
110 157 227 262 4
109
110 157 227 262 4
108
110 157 227 263 4
107
111 157 227 263 4
106
111 157 227 264 4
105
112 157 227 264 4
104
112 157 226 265 4
103
113 156 226 265 4
102
113 156 226 266 4
101
114 156 226 266 4
100
114 156 226 267 4
99
115 156 226 267 4
98
116 156 226 268 4
97
116 156 226 269 4
96
117 156 225 269 4
95
117 155 225 270 4
94
118 155 225 270 4
93
118 155 225 271 4
92
119 155 226 271 4
91
119 155 228 272 4
90
120 155 230 272 4
89
120 155 232 273 4
88
121 155 234 273 4
87
122 154 236 274 4
86
122 154 237 274 4
85
123 154 239 275 4
84
123 154 241 276 4
83
124 155 243 276 4
82
124 157 245 277 4
81
125 159 247 277 4
80
125 161 247 278 4
79
126 163 247 278 4
78
127 164 247 279 4
77
127 166 246 279 4
76
128 168 246 280 4
75
128 170 246 280 4
74
129 172 246 281 4
73
129 174 246 281 4
72
130 175 246 282 4
71
130 177 246 282 4
70
131 179 246 283 4
69
131 181 245 284 4
68
132 183 245 284 4
67
133 184 245 285 4
66
133 186 245 285 4
65
134 188 245 286 4
64
134 190 245 286 4
63
135 192 245 287 4
62
135 193 244 287 4
61
136 195 244 288 4
60
136 197 244 288 4
59
137 199 244 289 4
58
138 201 244 289 4
57
138 203 244 290 4
56
139 204 244 290 4
55
139 206 244 290 4
54
140 208 243 290 4
53
140 210 243 289 4
52
141 212 243 289 4
51
141 213 243 289 4
50
142 215 243 289 4
49
142 217 243 289 4
48
143 219 243 289 4
47
144 221 242 289 4
46
144 222 242 289 4
45
145 224 242 288 4
44
145 226 242 288 4
43
146 228 242 288 4
42
146 230 242 288 4
41
147 232 242 288 4
40
147 233 242 288 4
39
148 235 241 288 4
38
149 237 241 288 4
37
151 239 241 287 4
36
153 287 2
35
155 287 2
34
157 287 2
33
158 287 2
32
160 287 2
31
162 287 2
30
164 286 2
29
166 286 2
28
168 286 2
27
169 286 2
26
171 286 2
25
173 286 2
24
175 286 2
23
177 286 2
22
178 285 2
21
180 285 2
20
182 285 2
19
184 285 2
18
186 285 2
17
187 285 2
16
189 285 2
15
191 285 2
14
193 284 2
13
195 284 2
12
197 284 2
11
198 283 2
10
200 281 2
9
202 278 2
8
204 276 2
7
206 273 2
6
207 271 2
5
209 269 2
4
211 266 2
3
213 264 2
2
215 261 2
1
216 259 2
0
218 256 2
