380
0
379
41 131 347 437 567 610 698 741 8
378
40 133 346 439 567 610 698 741 8
377
38 134 344 440 567 610 698 741 8
376
37 136 343 442 567 610 698 741 8
375
36 137 341 443 567 610 698 741 8
374
34 139 340 444 567 610 698 741 8
373
33 140 339 446 567 610 698 741 8
372
31 142 337 447 567 610 698 741 8
371
30 143 336 449 567 610 698 741 8
370
28 144 334 450 567 610 698 741 8
369
27 146 333 452 567 610 698 741 8
368
26 147 331 453 567 610 698 741 8
367
24 149 330 455 567 610 698 741 8
366
23 150 328 456 567 610 698 741 8
365
21 152 327 458 567 610 698 741 8
364
20 153 325 459 567 610 698 741 8
363
18 155 324 460 567 610 698 741 8
362
17 156 322 462 567 610 698 741 8
361
16 158 321 463 567 610 698 741 8
360
14 159 319 465 567 610 698 741 8
359
13 161 318 466 567 610 698 741 8
358
11 162 317 468 567 610 698 741 8
357
10 164 315 469 567 741 6
356
8 165 314 471 567 741 6
355
7 166 312 472 567 741 6
354
6 168 311 473 567 741 6
353
4 169 309 475 567 741 6
352
3 171 308 476 567 741 6
351
1 172 306 478 567 741 6
350
-1 174 305 479 567 741 6
349
-2 175 303 481 567 741 6
348
-3 177 302 482 567 741 6
347
-5 178 300 484 567 741 6
346
-6 180 299 485 567 741 6
345
-7 181 297 487 567 741 6
344
-9 183 296 488 567 741 6
343
-10 184 295 489 567 741 6
342
-12 186 293 491 698 741 6
341
-13 187 292 492 698 741 6
340
-15 188 290 494 698 741 6
339
-16 190 289 495 698 741 6
338
-17 191 287 497 698 741 6
337
-19 193 286 498 698 741 6
336
-20 194 284 500 698 741 6
335
-22 196 283 501 698 741 6
334
-23 197 281 502 698 741 6
333
-25 199 280 504 698 741 6
332
-26 200 278 505 698 741 6
331
-27 202 277 507 698 741 6
330
-29 203 275 508 698 741 6
329
-30 205 274 510 698 741 6
328
-32 206 273 511 698 741 6
327
-33 208 271 513 698 741 6
326
-35 209 270 514 698 741 6
325
-36 210 268 516 698 741 6
324
-37 212 267 517 698 741 6
323
-39 213 265 518 698 741 6
322
-40 215 264 520 698 741 6
321
-42 216 262 521 698 741 6
320
-43 218 261 523 698 741 6
319
-43 43 130 218 261 349 436 523 8
318
-43 43 130 218 261 349 436 523 8
317
-43 43 130 218 261 349 436 523 8
316
-43 43 130 218 261 349 436 523 8
315
-43 43 130 218 261 349 436 523 8
314
-43 43 130 218 261 349 436 523 8
313
-43 43 130 218 261 349 436 523 8
312
-43 43 130 218 261 349 436 523 8
311
-43 43 130 218 261 349 436 523 8
310
-43 43 130 218 261 349 436 523 8
309
-43 43 130 218 261 349 436 523 8
308
-43 43 130 218 261 349 436 523 8
307
-43 43 130 218 261 349 436 523 8
306
-43 43 130 218 261 349 436 523 8
305
-43 43 130 218 261 349 436 523 8
304
-43 43 130 218 261 349 436 523 8
303
-43 43 130 218 261 349 436 523 8
302
-43 43 130 218 261 349 436 523 8
301
-43 43 130 218 261 349 436 523 8
300
-43 43 130 218 261 349 436 523 8
299
-43 43 130 218 261 349 436 523 8
298
-43 43 130 218 261 349 436 523 8
297
-43 43 130 218 261 349 436 523 8
296
-43 43 130 218 261 349 436 523 8
295
-43 43 130 218 261 349 436 523 8
294
-43 43 130 218 261 349 436 523 8
293
-43 43 130 218 261 349 436 523 8
292
-43 43 130 218 261 349 436 523 8
291
-43 43 130 218 261 349 436 523 8
290
-43 43 130 218 261 349 436 523 8
289
-43 43 263 265 351 353 6
288
-43 43 266 268 354 356 6
287
-43 43 269 271 357 359 6
286
-43 43 272 274 360 362 6
285
-43 43 275 277 363 567 6
284
-43 43 278 365 367 567 6
283
-43 43 280 282 368 370 6
282
-43 43 283 285 371 373 6
281
-43 43 286 288 374 376 6
280
-43 43 289 291 377 379 6
279
-43 43 292 294 380 382 6
278
-43 43 295 297 383 385 6
277
-43 43 298 300 386 388 6
276
-43 43 301 303 389 391 6
275
-43 43 304 306 392 567 6
274
-43 43 307 309 394 396 6
273
-43 43 310 312 397 399 6
272
-43 43 313 400 402 698 6
271
-43 43 315 317 403 405 6
270
-43 43 318 320 406 408 6
269
-43 43 321 323 409 411 6
268
-43 43 324 326 412 414 6
267
-43 43 327 329 415 417 6
266
-43 43 330 332 418 420 6
265
-43 43 333 335 421 610 6
264
-43 43 336 338 423 425 6
263
-43 43 339 341 426 428 6
262
-43 43 342 344 429 431 6
261
-43 43 345 347 432 434 6
260
-43 43 348 435 437 610 6
259
-43 43 350 352 438 440 6
258
-43 43 353 355 441 443 6
257
-43 43 356 358 444 446 6
256
-43 43 359 361 447 449 6
255
-43 43 362 364 450 610 6
254
-43 43 365 367 452 454 6
253
-43 43 368 370 455 457 6
252
-43 43 371 373 458 460 6
251
-43 43 374 376 461 463 6
250
-43 43 377 379 464 466 6
249
-43 43 380 382 467 469 6
248
-43 43 383 470 472 698 6
247
-43 43 385 387 473 475 6
246
-43 43 388 390 476 478 6
245
-43 43 391 393 479 698 6
244
-43 43 394 396 481 483 6
243
-43 43 397 399 484 486 6
242
-43 43 400 402 487 489 6
241
-43 43 403 405 490 492 6
240
-43 43 406 408 493 495 6
239
-43 43 409 411 496 498 6
238
-43 43 412 414 499 501 6
237
-43 43 415 417 502 504 6
236
-43 43 418 505 507 567 6
235
-43 43 420 422 508 567 6
234
-43 43 423 425 510 512 6
233
-43 43 426 428 513 515 6
232
-43 43 429 431 516 518 6
231
-43 43 432 434 519 521 6
230
-43 43 435 522 567 741 6
229
-43 43 130 218 261 349 436 523 8
228
-43 43 130 218 261 349 436 523 8
227
-43 43 130 218 261 349 436 523 8
226
-43 43 130 218 261 349 436 523 8
225
-43 43 130 218 261 349 436 523 8
224
-43 43 130 218 261 349 436 523 8
223
-43 43 130 218 261 349 436 523 8
222
-43 43 130 218 261 349 436 523 8
221
-43 43 130 218 261 349 436 523 8
220
-43 43 130 218 261 349 436 523 8
219
-43 43 130 218 261 349 436 523 8
218
-43 43 130 218 261 349 436 523 8
217
-43 43 130 218 261 349 436 523 8
216
-43 43 130 218 261 349 436 523 8
215
-43 43 130 218 261 349 436 523 8
214
-43 43 130 218 261 349 436 523 8
213
-43 43 130 218 261 349 436 523 8
212
-43 43 130 218 261 349 436 523 8
211
-43 43 130 218 261 349 436 523 8
210
-43 43 130 218 261 349 436 523 8
209
-43 43 130 218 261 349 436 523 8
208
-43 43 130 218 261 349 436 523 8
207
-43 43 130 218 261 349 436 523 8
206
-43 43 130 218 261 349 436 523 8
205
-43 43 130 218 261 349 436 523 8
204
-43 43 130 218 261 349 436 523 8
203
-43 43 130 218 261 349 436 523 8
202
-43 43 130 218 261 349 436 523 8
201
-43 43 130 218 261 349 436 523 8
200
-43 43 130 218 261 349 436 523 8
199
-42 216 262 521 606 608 698 698 8
198
-40 215 264 520 603 605 698 698 8
197
-39 213 265 518 600 602 698 698 8
196
-37 212 267 517 598 698 698 709 8
195
-36 210 268 516 595 597 698 698 8
194
-35 209 270 514 592 594 698 698 8
193
-33 208 271 513 589 591 698 698 8
192
-32 206 273 511 586 588 698 698 8
191
-30 205 274 510 583 585 698 698 8
190
-29 203 275 508 580 582 698 698 8
189
-27 202 277 507 578 698 698 729 8
188
-26 200 278 505 575 577 698 698 8
187
-25 199 280 504 572 574 698 698 8
186
-23 197 281 502 569 571 698 698 8
185
-22 196 283 501 567 698 698 740 8
184
-20 194 284 500 567 610 698 741 8
183
-19 193 286 498 567 610 698 741 8
182
-17 191 287 497 567 610 698 741 8
181
-16 190 289 495 567 610 698 741 8
180
-15 188 290 494 567 610 698 741 8
179
-13 187 292 492 567 610 698 741 8
178
-12 186 293 491 567 610 698 741 8
177
-10 184 295 489 567 610 698 741 8
176
-9 183 296 488 567 610 698 741 8
175
-7 181 297 487 567 610 698 741 8
174
-6 180 299 485 567 610 698 741 8
173
-5 178 300 484 567 610 698 741 8
172
-3 177 302 482 567 610 698 741 8
171
-2 175 303 481 567 610 698 741 8
170
-1 174 305 479 567 610 698 741 8
169
1 172 306 478 567 610 698 741 8
168
3 171 308 476 567 610 698 741 8
167
4 169 309 475 567 610 698 741 8
166
6 168 311 473 567 610 698 741 8
165
7 166 312 472 567 610 698 741 8
164
8 165 314 471 567 610 698 741 8
163
10 164 315 469 567 610 698 741 8
162
11 162 317 468 567 610 698 741 8
161
13 161 318 466 567 610 698 741 8
160
14 159 319 465 567 610 698 741 8
159
16 158 321 463 567 610 698 741 8
158
17 156 322 462 567 610 698 741 8
157
18 155 324 460 567 610 698 741 8
156
20 153 325 459 567 610 698 741 8
155
21 152 327 458 567 610 698 741 8
154
23 150 328 456 569 571 610 610 8
153
24 149 330 455 572 574 610 610 8
152
26 147 331 453 575 577 610 610 8
151
27 146 333 452 578 610 610 729 8
150
28 144 334 450 580 582 610 610 8
149
30 143 336 449 583 585 610 610 8
148
31 142 337 447 586 588 610 610 8
147
33 140 339 446 589 591 610 610 8
146
34 139 340 444 592 594 610 610 8
145
36 137 341 443 595 597 610 610 8
144
37 136 343 442 598 610 610 709 8
143
38 134 344 440 600 602 610 610 8
142
40 133 346 439 603 605 610 610 8
141
41 131 347 437 606 608 610 610 8
140
-1 -1 43 130 349 436 609 698 8
