380
0
379
41 131 347 437 567 610 698 741 8
378
40 133 346 439 567 610 698 741 8
377
38 134 344 440 567 610 698 741 8
376
37 136 343 442 567 610 698 741 8
375
36 137 341 443 567 610 698 741 8
374
34 139 340 444 567 610 698 741 8
373
33 140 339 446 567 610 698 741 8
372
31 142 337 447 567 610 698 741 8
371
30 143 336 449 567 610 698 741 8
370
28 144 334 450 567 610 698 741 8
369
27 146 333 452 567 610 698 741 8
368
26 147 331 453 567 610 698 741 8
367
24 149 330 455 567 610 698 741 8
366
23 150 328 456 567 610 698 741 8
365
21 152 327 458 567 610 698 741 8
364
20 153 325 459 567 610 698 741 8
363
18 155 324 460 567 610 698 741 8
362
17 156 322 462 567 610 698 741 8
361
16 158 321 463 567 610 698 741 8
360
14 159 319 465 567 610 698 741 8
359
13 161 318 466 567 610 698 741 8
358
11 162 317 468 567 610 698 741 8
357
10 164 315 469 567 741 6
356
8 165 314 471 567 741 6
355
7 166 312 472 567 741 6
354
6 168 311 473 567 741 6
353
4 169 309 475 567 741 6
352
3 171 308 476 567 741 6
351
-1 172 306 478 567 741 6
350
-1 174 305 479 567 741 6
349
-2 175 303 481 567 741 6
348
-3 177 302 482 567 741 6
347
-5 178 300 484 567 741 6
346
-6 180 299 485 567 741 6
345
-7 181 297 487 567 741 6
344
-9 183 296 488 567 741 6
343
-10 184 295 489 567 741 6
342
-12 186 293 491 698 741 6
341
-13 187 292 492 698 741 6
340
-15 188 290 494 698 741 6
339
-16 190 289 495 698 741 6
338
-17 191 287 497 698 741 6
337
-19 193 286 498 698 741 6
336
-20 194 284 500 698 741 6
335
-22 196 283 501 698 741 6
334
-23 197 281 502 698 741 6
333
-25 199 280 504 698 741 6
332
-26 200 278 505 698 741 6
331
-27 202 277 507 698 741 6
330
-29 203 275 508 698 741 6
329
-30 205 274 510 698 741 6
328
-32 206 273 511 698 741 6
327
-33 208 271 513 698 741 6
326
-35 209 270 514 698 741 6
325
-36 210 268 516 698 741 6
324
-37 212 267 517 698 741 6
323
-39 213 265 518 698 741 6
322
-40 215 264 520 698 741 6
321
-42 216 262 521 698 741 6
320
-43 218 261 523 698 741 6
319
-43 43 130 218 261 349 436 523 8
318
-43 43 130 218 261 349 436 523 8
317
-43 43 130 218 261 349 436 523 8
316
-43 43 130 218 261 349 436 523 8
315
-43 43 130 218 261 349 436 523 8
314
-43 43 130 218 261 349 436 523 8
313
-43 43 130 218 261 349 436 523 8
312
-43 43 130 218 261 349 436 523 8
311
-43 43 130 218 261 349 436 523 8
310
-43 43 130 218 261 349 436 523 8
309
-43 43 130 218 261 349 436 523 8
308
-43 43 130 218 261 349 436 523 8
307
-43 43 130 218 261 349 436 523 8
306
-43 43 130 218 261 349 436 523 8
305
-43 43 130 218 261 349 436 523 8
304
-43 43 130 218 261 349 436 523 8
303
-43 43 130 218 261 349 436 523 8
302
-43 43 130 218 261 349 436 523 8
301
-43 43 130 218 261 349 436 523 8
300
-43 43 130 218 261 349 436 523 8
299
-43 43 130 218 261 349 436 523 8
298
-43 43 130 218 261 349 436 523 8
297
-43 43 130 218 261 349 436 523 8
296
-43 43 130 218 261 349 436 523 8
295
-43 43 130 218 261 349 436 523 8
294
-43 43 130 218 261 349 436 523 8
293
-43 43 130 218 261 349 436 523 8
292
-43 43 130 218 261 349 436 523 8
291
-43 43 130 218 261 349 436 523 8
290
-43 43 130 218 261 349 436 523 8
289
-43 43 263 351 567 741 6
288
-43 43 266 354 567 741 6
287
-43 43 269 357 567 741 6
286
-43 43 272 360 567 741 6
285
-43 43 275 363 567 741 6
284
-43 43 278 365 567 741 6
283
-43 43 280 368 567 741 6
282
-43 43 283 371 567 741 6
281
-43 43 286 374 567 741 6
280
-43 43 289 377 567 741 6
279
-43 43 292 380 567 741 6
278
-43 43 295 383 567 741 6
277
-43 43 298 386 567 741 6
276
-43 43 301 389 567 741 6
275
-43 43 304 392 567 741 6
274
-43 43 307 394 698 741 6
273
-43 43 310 397 698 741 6
272
-43 43 313 400 698 741 6
271
-43 43 315 403 698 741 6
270
-43 43 318 406 698 741 6
269
-43 43 321 409 698 741 6
268
-43 43 324 412 698 741 6
267
-43 43 327 415 610 741 6
266
-43 43 330 418 610 741 6
265
-43 43 333 421 610 741 6
264
-43 43 336 423 610 741 6
263
-43 43 339 426 610 741 6
262
-43 43 342 429 610 741 6
261
-43 43 345 432 610 741 6
260
-43 43 348 435 610 741 6
259
-43 43 350 438 610 741 6
258
-43 43 353 441 610 741 6
257
-43 43 356 444 610 741 6
256
-43 43 359 447 610 741 6
255
-43 43 362 450 610 741 6
254
-43 43 365 452 610 741 6
253
-43 43 368 455 610 741 6
252
-43 43 371 458 698 741 6
251
-43 43 374 461 698 741 6
250
-43 43 377 464 698 741 6
249
-43 43 380 467 698 741 6
248
-43 43 383 470 698 741 6
247
-43 43 385 473 698 741 6
246
-43 43 388 476 698 741 6
245
-43 43 391 479 698 741 6
244
-43 43 394 481 567 741 6
243
-43 43 397 484 567 741 6
242
-43 43 400 487 567 741 6
241
-43 43 403 490 567 741 6
240
-43 43 406 493 567 741 6
239
-43 43 409 496 567 741 6
238
-43 43 412 499 567 741 6
237
-43 43 415 502 567 741 6
236
-43 43 418 505 567 741 6
235
-43 43 420 508 567 741 6
234
-43 43 423 510 567 741 6
233
-43 43 426 513 567 741 6
232
-43 43 429 516 567 741 6
231
-43 43 432 519 567 741 6
230
-43 43 435 522 567 741 6
229
-43 43 130 218 261 349 436 523 8
228
-43 43 130 218 261 349 436 523 8
227
-43 43 130 218 261 349 436 523 8
226
-43 43 130 218 261 349 436 523 8
225
-43 43 130 218 261 349 436 523 8
224
-43 43 130 218 261 349 436 523 8
223
-43 43 130 218 261 349 436 523 8
222
-43 43 130 218 261 349 436 523 8
221
-43 43 130 218 261 349 436 523 8
220
-43 43 130 218 261 349 436 523 8
219
-43 43 130 218 261 349 436 523 8
218
-43 43 130 218 261 349 436 523 8
217
-43 43 130 218 261 349 436 523 8
216
-43 43 130 218 261 349 436 523 8
215
-43 43 130 218 261 349 436 523 8
214
-43 43 130 218 261 349 436 523 8
213
-43 43 130 218 261 349 436 523 8
212
-43 43 130 218 261 349 436 523 8
211
-43 43 130 218 261 349 436 523 8
210
-43 43 130 218 261 349 436 523 8
209
-43 43 130 218 261 349 436 523 8
208
-43 43 130 218 261 349 436 523 8
207
-43 43 130 218 261 349 436 523 8
206
-43 43 130 218 261 349 436 523 8
205
-43 43 130 218 261 349 436 523 8
204
-43 43 130 218 261 349 436 523 8
203
-43 43 130 218 261 349 436 523 8
202
-43 43 130 218 261 349 436 523 8
201
-43 43 130 218 261 349 436 523 8
200
-43 43 130 218 261 349 436 523 8
199
-42 216 262 521 606 698 698 702 8
198
-40 215 264 520 603 698 698 703 8
197
-39 213 265 518 600 698 698 706 8
196
-37 212 267 517 598 698 698 709 8
195
-36 210 268 516 595 698 698 711 8
194
-35 209 270 514 592 698 698 714 8
193
-33 208 271 513 589 698 698 717 8
192
-32 206 273 511 586 698 698 720 8
191
-30 205 274 510 583 698 698 723 8
190
-29 203 275 508 580 698 698 726 8
189
-27 202 277 507 578 698 698 729 8
188
-26 200 278 505 575 698 698 731 8
187
-25 199 280 504 572 698 698 734 8
186
-23 197 281 502 569 698 698 737 8
185
-22 196 283 501 567 698 698 740 8
184
-20 194 284 500 567 610 698 741 8
183
-19 193 286 498 567 610 698 741 8
182
-17 191 287 497 567 610 698 741 8
181
-16 190 289 495 567 610 698 741 8
180
-15 188 290 494 567 610 698 741 8
179
-13 187 292 492 567 610 698 741 8
178
-12 186 293 491 567 610 698 741 8
177
-10 184 295 489 567 610 698 741 8
176
-9 183 296 488 567 610 698 741 8
175
-7 181 297 487 567 610 698 741 8
174
-6 180 299 485 567 610 698 741 8
173
-5 178 300 484 567 610 698 741 8
172
-3 177 302 482 567 610 698 741 8
171
-2 175 303 481 567 610 698 741 8
170
-1 174 305 479 567 610 698 741 8
169
-1 172 306 478 567 610 698 741 8
168
3 171 308 476 567 610 698 741 8
167
4 169 309 475 567 610 698 741 8
166
6 168 311 473 567 610 698 741 8
165
7 166 312 472 567 610 698 741 8
164
8 165 314 471 567 610 698 741 8
163
10 164 315 469 567 610 698 741 8
162
11 162 317 468 567 610 698 741 8
161
13 161 318 466 567 610 698 741 8
160
14 159 319 465 567 610 698 741 8
159
16 158 321 463 567 610 698 741 8
158
17 156 322 462 567 610 698 741 8
157
18 155 324 460 567 610 698 741 8
156
20 153 325 459 567 610 698 741 8
155
21 152 327 458 567 610 698 741 8
154
23 150 328 456 569 610 610 737 8
153
24 149 330 455 572 610 610 734 8
152
26 147 331 453 575 610 610 731 8
151
27 146 333 452 578 610 610 729 8
150
28 144 334 450 580 610 610 726 8
149
30 143 336 449 583 610 610 723 8
148
31 142 337 447 586 610 610 720 8
147
33 140 339 446 589 610 610 717 8
146
34 139 340 444 592 610 610 714 8
145
36 137 341 443 595 610 610 711 8
144
37 136 343 442 598 610 610 709 8
143
38 134 344 440 600 610 610 706 8
142
40 133 346 439 603 610 610 703 8
141
41 131 347 437 606 610 610 700 8
140
-1 -1 43 130 349 436 609 698 8
