400
-14 41 193 258 397 481 6
399
-13 41 194 259 398 481 6
398
-13 41 195 260 398 481 6
397
-13 41 196 261 398 481 6
396
-13 41 198 262 398 481 6
395
-13 41 199 264 398 481 6
394
-13 41 200 265 398 481 6
393
-13 42 201 266 398 481 6
392
-13 42 202 267 399 482 6
391
-12 42 204 268 399 482 6
390
-12 42 205 270 399 482 6
389
-12 42 206 271 399 482 6
388
-12 42 207 272 399 482 6
387
-12 42 208 273 399 482 6
386
-12 42 210 275 399 482 6
385
-12 43 211 276 399 482 6
384
-12 43 212 277 400 483 6
383
-11 43 213 278 400 483 6
382
-11 -1 43 214 279 400 452 483 8
381
-11 43 216 281 400 445 449 455 8
380
-11 43 217 282 400 439 443 455 8
379
-11 43 218 283 400 432 436 455 8
378
-11 43 219 284 400 425 429 456 8
377
-11 44 221 285 401 418 422 456 8
376
-11 44 222 287 401 412 416 456 8
375
-10 44 223 288 401 405 409 456 8
374
-10 44 224 289 456 484 6
373
-10 44 225 290 456 484 6
372
-10 44 227 291 456 484 6
371
-10 44 228 293 456 484 6
370
-10 44 229 294 457 484 6
369
-10 45 230 295 457 484 6
368
-10 45 231 296 457 485 6
367
-9 45 233 297 454 485 6
366
-9 45 234 299 447 451 6
365
-9 45 235 300 441 445 6
364
-9 45 236 301 434 438 6
363
-9 45 237 302 427 431 6
362
-9 45 239 303 420 424 6
361
-9 46 240 305 414 418 6
360
-9 46 241 306 407 411 6
359
-9 46 242 307 400 404 6
358
-8 46 243 308 393 397 6
357
-8 46 245 309 387 391 6
356
-8 46 246 311 380 384 6
355
-8 46 247 312 376 486 6
354
-8 46 248 313 376 486 6
353
-8 47 249 314 376 486 6
352
-8 47 251 316 376 487 6
351
-8 47 252 317 377 487 6
350
-7 47 253 318 377 487 6
349
-7 47 254 319 377 487 6
348
-7 47 255 320 377 487 6
347
-7 47 257 322 377 487 6
346
-7 47 258 323 377 487 6
345
-7 48 259 324 377 487 6
344
-7 48 260 325 377 488 6
343
-7 48 262 326 378 488 6
342
-6 48 263 328 378 488 6
341
-6 48 264 329 378 485 6
340
-6 48 265 330 378 478 6
339
-6 48 266 331 378 472 6
338
-6 48 268 332 378 465 6
337
-6 49 269 334 378 458 6
336
-6 49 270 335 379 451 6
335
-6 49 271 336 379 445 6
334
-5 49 272 337 379 438 6
333
-5 49 274 338 379 431 6
332
-5 49 275 340 379 424 6
331
-5 49 276 341 379 418 6
330
-5 50 277 342 379 411 6
329
-5 50 278 343 379 404 6
328
-5 50 280 344 380 397 6
327
-5 50 281 346 380 391 6
326
-4 50 282 347 380 384 6
325
-4 50 283 348 4
324
-4 50 284 349 4
323
-4 50 286 350 4
322
-4 51 287 352 4
321
-4 -1 51 288 351 351 6
320
-4 51 289 345 349 353 6
319
-4 51 290 339 343 353 6
318
-4 51 292 333 337 353 6
317
-3 51 293 327 331 354 6
316
-3 51 294 321 325 354 6
315
-3 51 295 315 319 354 6
314
-3 52 296 309 313 354 6
313
-3 52 298 303 307 354 6
312
-3 52 299 354 4
311
-3 52 299 354 4
310
-3 52 299 354 4
309
-2 52 299 355 4
308
-2 52 300 355 4
307
-2 52 300 355 4
306
-2 53 300 355 4
305
-2 53 300 355 4
304
-2 53 242 245 300 355 6
303
-2 53 235 239 245 300 6
302
-2 53 229 233 245 300 6
301
-1 53 222 226 245 300 6
300
-1 53 215 219 246 301 6
299
-1 53 208 212 246 301 6
298
-1 54 202 206 246 301 6
297
-1 54 195 199 246 301 6
296
-1 54 191 246 301 356 6
295
-1 54 191 246 301 356 6
294
-1 54 191 246 301 357 6
293
-1 54 191 246 302 357 6
292
-1 54 192 247 302 357 6
291
-1 54 161 164 192 247 302 357 8
290
55 154 158 164 192 247 302 357 8
289
55 148 152 164 192 247 302 357 8
288
55 141 145 164 192 247 302 357 8
287
55 134 138 165 192 247 302 358 8
286
55 127 131 165 192 247 303 358 8
285
55 121 125 165 192 248 303 358 8
284
55 114 118 165 193 248 303 358 8
283
-1 55 110 165 193 248 303 358 8
282
-1 56 110 165 193 248 303 358 8
281
-1 56 110 165 193 248 303 358 8
280
-1 56 110 165 193 248 303 358 8
279
-1 56 111 166 193 248 303 359 8
278
-1 -1 -1 -1 56 111 166 193 249 304 359 465 12
277
-1 56 111 166 194 249 304 359 458 462 468 468 12
276
-1 56 111 166 194 249 304 359 452 456 468 468 12
275
56 111 166 194 249 304 359 445 449 468 468 472 12
274
57 111 166 194 249 304 359 438 442 469 469 473 12
273
57 111 166 194 249 304 359 431 435 469 469 474 12
272
57 111 167 194 249 304 360 425 429 469 469 475 12
271
57 112 167 194 249 305 360 418 422 469 469 476 12
270
-1 57 112 167 194 250 305 360 414 469 469 477 12
269
-1 57 112 167 195 250 305 360 413 469 469 479 12
268
3 57 112 167 195 250 305 360 413 469 469 480 12
267
3 57 112 167 195 250 305 360 412 469 469 481 12
266
3 58 112 167 195 250 305 360 411 470 470 482 12
265
3 58 112 168 195 250 305 360 411 470 470 483 12
264
3 58 113 168 195 250 306 361 410 470 470 485 12
263
3 58 113 168 195 251 306 361 409 470 470 486 12
262
3 58 113 168 196 251 306 361 409 470 470 487 12
261
3 58 113 168 196 251 306 361 408 470 470 488 12
260
4 58 113 168 196 251 306 361 407 470 470 489 12
259
4 58 113 168 196 251 306 360 407 471 471 491 12
258
4 59 113 168 196 251 306 360 406 471 471 492 12
257
4 59 114 169 196 251 306 360 405 471 471 493 12
256
4 59 114 169 196 252 307 359 405 471 471 494 12
255
4 59 114 169 196 252 307 359 404 471 471 495 12
254
4 59 114 169 197 252 307 359 403 471 471 497 12
253
4 59 114 169 197 252 304 359 402 471 471 498 12
252
5 59 114 169 197 252 297 301 358 402 471 499 12
251
5 59 114 169 197 252 291 295 358 401 472 472 12
250
5 60 114 170 197 252 284 288 358 400 472 472 12
249
5 60 115 170 197 252 277 281 357 400 472 472 12
248
5 60 115 170 197 253 270 274 357 399 469 500 12
247
5 60 115 170 198 253 264 268 357 398 462 466 12
246
5 60 115 170 198 253 257 261 356 398 456 460 12
245
5 60 115 170 198 356 397 449 453 472 10
244
5 60 115 170 198 356 396 442 446 473 10
243
6 60 115 171 198 355 396 435 439 473 10
242
6 61 116 171 198 355 395 429 433 473 10
241
6 61 116 171 198 355 394 422 426 473 10
240
6 61 116 171 198 355 394 418 473 501 10
239
6 61 116 171 199 354 393 418 473 501 10
238
6 61 116 171 199 354 392 418 473 501 10
237
6 61 116 171 199 354 392 418 474 501 10
236
6 61 116 171 199 353 391 419 474 501 10
235
7 61 117 172 200 353 391 419 474 501 10
234
7 62 117 172 200 353 391 419 474 501 10
233
7 62 117 172 201 352 391 419 474 502 10
232
7 62 117 172 202 352 392 419 474 502 10
231
7 62 117 172 202 352 392 419 474 502 10
230
7 62 117 171 203 351 392 419 474 502 10
229
7 62 117 171 203 351 392 419 475 502 10
228
7 62 117 171 204 351 392 420 475 502 10
227
8 62 118 170 205 351 392 420 475 502 10
226
8 63 118 170 205 350 392 420 475 503 10
225
8 63 118 170 206 350 392 420 475 503 10
224
8 63 116 170 207 350 393 420 475 503 10
223
8 63 110 114 169 207 349 393 420 475 10
222
8 63 104 108 169 208 349 393 420 476 10
221
8 63 98 102 169 208 349 393 421 476 10
220
8 63 92 96 168 209 348 393 421 476 10
219
9 63 86 90 168 210 348 393 421 476 10
218
9 64 80 84 168 210 348 393 421 476 10
217
9 64 74 78 167 211 347 394 421 476 10
216
9 64 68 72 167 212 347 394 421 476 10
215
9 167 212 347 394 421 476 504 8
214
9 166 213 347 394 422 477 504 8
213
9 166 213 346 394 422 477 504 8
212
9 166 214 346 394 422 477 504 8
211
10 166 215 346 394 422 477 505 8
210
10 165 215 345 394 422 477 505 8
209
10 165 216 345 395 422 477 505 8
208
10 165 217 345 395 422 477 505 8
207
10 164 217 344 395 422 478 505 8
206
11 164 218 344 395 423 478 505 8
205
11 164 218 344 395 423 478 505 8
204
12 163 219 343 395 423 478 506 8
203
12 163 220 343 395 423 478 506 8
202
13 163 220 343 396 423 478 506 8
201
14 162 221 343 396 423 478 506 8
200
14 162 222 342 396 423 479 506 8
199
15 162 222 342 396 424 479 506 8
198
16 162 223 342 396 424 479 506 8
197
16 161 223 341 396 424 479 506 8
196
17 161 224 341 396 424 479 507 8
195
17 161 225 341 396 424 479 507 8
194
18 160 225 340 397 424 479 507 8
193
19 160 226 340 397 424 479 507 8
192
19 160 227 340 397 424 480 506 8
191
20 159 227 340 397 425 480 506 8
190
21 159 228 339 397 425 480 505 8
189
21 159 228 339 397 425 478 504 8
188
22 158 229 339 397 425 472 476 8
187
22 158 230 338 398 425 466 470 8
186
23 158 230 338 398 425 460 464 8
185
24 158 231 338 398 425 454 458 8
184
24 157 232 337 398 426 448 452 8
183
25 157 232 337 398 426 442 446 8
182
26 157 233 337 398 426 436 440 8
181
26 156 234 336 398 426 430 434 8
180
27 156 234 336 398 426 426 498 8
179
27 156 235 336 399 426 426 498 8
178
28 155 235 336 399 426 426 497 8
177
29 155 236 335 399 426 426 496 8
176
29 155 237 335 399 427 427 495 8
175
30 154 237 335 400 427 427 495 8
174
31 154 238 334 401 427 427 494 8
173
31 154 239 334 403 427 427 493 8
172
32 154 239 334 404 427 427 493 8
171
32 153 240 333 405 427 427 492 8
170
33 153 240 333 406 427 427 491 8
169
34 153 241 333 408 428 428 491 8
168
34 152 242 332 409 428 428 490 8
167
35 152 242 332 410 428 428 489 8
166
35 152 243 332 411 428 428 489 8
165
36 151 244 332 413 428 428 488 8
164
37 151 244 331 414 428 428 487 8
163
37 151 245 331 415 428 428 487 8
162
38 151 245 331 416 428 429 486 8
161
39 150 246 330 417 429 429 485 8
160
39 150 247 330 419 429 429 485 8
159
40 150 247 330 420 429 429 481 8
158
40 149 248 329 421 429 429 474 8
157
41 149 249 329 422 429 429 468 8
156
42 149 249 329 424 429 429 461 8
155
42 148 250 328 425 429 429 454 8
154
43 148 250 328 426 430 430 447 8
153
-1 44 148 251 328 427 441 445 8
152
-1 44 147 252 328 429 434 438 8
151
45 147 252 327 4
150
45 147 253 327 4
149
46 147 254 327 4
148
47 146 254 326 4
147
47 146 255 326 4
146
48 146 255 326 4
145
49 145 256 325 4
144
49 145 257 325 4
143
50 145 257 325 4
142
50 144 258 324 4
141
51 144 259 324 4
140
52 144 259 324 4
139
52 143 260 324 4
138
53 143 260 323 4
137
54 143 261 323 4
136
54 143 262 323 4
135
55 142 262 322 4
134
55 142 263 319 4
133
56 142 264 312 4
132
57 141 264 306 4
131
57 141 265 299 4
130
58 141 265 292 4
129
58 140 266 285 4
128
59 140 267 279 4
127
60 140 267 272 4
126
60 139 2
125
61 139 2
124
62 139 2
123
62 139 2
122
63 138 2
121
63 138 2
120
64 138 2
119
65 137 2
118
65 137 2
117
66 137 2
116
67 136 2
115
67 136 2
114
68 136 2
113
68 135 2
112
69 135 2
111
70 135 2
110
70 135 2
109
71 134 2
108
72 134 2
107
72 134 2
106
73 133 2
105
73 131 2
104
74 125 2
103
75 119 2
102
75 113 2
101
76 107 2
100
77 101 2
99
77 95 2
98
78 89 2
97
78 83 2
96
0
